{"nbformat":4,"nbformat_minor":0,"metadata":{"colab":{"provenance":[],"authorship_tag":"ABX9TyN2O6hAkHieFTnHeZcAeGT7"},"kernelspec":{"name":"python3","display_name":"Python 3"},"language_info":{"name":"python"}},"cells":[{"cell_type":"code","execution_count":12,"metadata":{"id":"rEZLQA3TPBOf","executionInfo":{"status":"ok","timestamp":1678430628108,"user_tz":-60,"elapsed":9,"user":{"displayName":"Adriano Persegani","userId":"06430130266451073825"}}},"outputs":[],"source":["# Data Processing\n","import pandas as pd\n","import numpy as np\n","# Data Visualization\n","import matplotlib.pyplot as plt\n","import seaborn as sns\n","import plotly.graph_objects as go\n","import plotly.express as px\n","# Scaling\n","from sklearn.preprocessing import StandardScaler\n","# Statistical Analysis\n","from scipy import stats\n","# Modeling\n","from sklearn.decomposition import PCA\n","from sklearn.cluster import KMeans\n","from sklearn.metrics import silhouette_score \n","\n","import warnings \n","warnings.filterwarnings(\"ignore\")"]},{"cell_type":"markdown","source":["### EDA"],"metadata":{"id":"WDSSV_ggPQNA"}},{"cell_type":"code","source":["orig_url = \"https://drive.google.com/file/d/15pRixHlHOxnx6qixvMSY_zyUfYUr48TA/view?usp=sharing\"\n","file_id = orig_url.split('/')[-2]\n","dwn_url='https://drive.google.com/uc?export=download&id=' + file_id\n","df = pd.read_csv(dwn_url)\n","print(df.shape)\n","df.head()"],"metadata":{"colab":{"base_uri":"https://localhost:8080/","height":287},"id":"BktaIhNxPMY3","executionInfo":{"status":"ok","timestamp":1678430264012,"user_tz":-60,"elapsed":1236,"user":{"displayName":"Adriano Persegani","userId":"06430130266451073825"}},"outputId":"78929c71-ac94-4865-fe33-3bbdb1a3eaf8"},"execution_count":2,"outputs":[{"output_type":"stream","name":"stdout","text":["(8500, 18)\n"]},{"output_type":"execute_result","data":{"text/plain":["        customer_id  balance_account  purchases_amount  paid_advance  \\\n","0  tGEg8fT2eCgVxdwS         9.298409            107.60      0.000000   \n","1  stEDu20sSKOXomjg        52.666422            150.30      0.000000   \n","2  CEB2blrN3b88GsRe      1360.795674              0.00    462.861443   \n","3  0N0eBl8ySaZThxKE      2021.641161            363.18      0.000000   \n","4  6NLauoHUwtwOv4Wy        22.322374             95.00   1162.045833   \n","\n","   full_purchases  balance_frequency_update  installments  \\\n","0            0.00                  0.909091         107.6   \n","1            0.00                  1.000000         150.3   \n","2            0.00                  1.000000           0.0   \n","3          363.18                  1.000000           0.0   \n","4           95.00                  0.363636           0.0   \n","\n","   purchases_frequency  full_purchases_frequency  \\\n","0             0.909091                  0.000000   \n","1             1.000000                  0.000000   \n","2             0.000000                  0.000000   \n","3             1.000000                  1.000000   \n","4             0.083333                  0.083333   \n","\n","   purchases_installments_frequency  cash_advance_frequency  nr_cash_advances  \\\n","0                          0.818182                0.000000                 0   \n","1                          0.833333                0.000000                 0   \n","2                          0.000000                0.272727                 6   \n","3                          0.000000                0.000000                 0   \n","4                          0.000000                0.166667                 3   \n","\n","   nr_purchases  credit_limit  fixed_rate_period     payments  min_payments  \\\n","0            10        1000.0                 11    89.868853     89.711672   \n","1             6        1000.0                  6    54.722514     82.955180   \n","2             0        1500.0                 11   303.031979    443.781316   \n","3            13        2000.0                 12   704.240770    795.859808   \n","4             1        2500.0                 12  4094.261427     40.142262   \n","\n","   full_payment_prc  \n","0          0.428571  \n","1          0.000000  \n","2          0.000000  \n","3          0.000000  \n","4          0.000000  "],"text/html":["\n","  <div id=\"df-26757287-74ef-457c-af33-04435d3c45f6\">\n","    <div class=\"colab-df-container\">\n","      <div>\n","<style scoped>\n","    .dataframe tbody tr th:only-of-type {\n","        vertical-align: middle;\n","    }\n","\n","    .dataframe tbody tr th {\n","        vertical-align: top;\n","    }\n","\n","    .dataframe thead th {\n","        text-align: right;\n","    }\n","</style>\n","<table border=\"1\" class=\"dataframe\">\n","  <thead>\n","    <tr style=\"text-align: right;\">\n","      <th></th>\n","      <th>customer_id</th>\n","      <th>balance_account</th>\n","      <th>purchases_amount</th>\n","      <th>paid_advance</th>\n","      <th>full_purchases</th>\n","      <th>balance_frequency_update</th>\n","      <th>installments</th>\n","      <th>purchases_frequency</th>\n","      <th>full_purchases_frequency</th>\n","      <th>purchases_installments_frequency</th>\n","      <th>cash_advance_frequency</th>\n","      <th>nr_cash_advances</th>\n","      <th>nr_purchases</th>\n","      <th>credit_limit</th>\n","      <th>fixed_rate_period</th>\n","      <th>payments</th>\n","      <th>min_payments</th>\n","      <th>full_payment_prc</th>\n","    </tr>\n","  </thead>\n","  <tbody>\n","    <tr>\n","      <th>0</th>\n","      <td>tGEg8fT2eCgVxdwS</td>\n","      <td>9.298409</td>\n","      <td>107.60</td>\n","      <td>0.000000</td>\n","      <td>0.00</td>\n","      <td>0.909091</td>\n","      <td>107.6</td>\n","      <td>0.909091</td>\n","      <td>0.000000</td>\n","      <td>0.818182</td>\n","      <td>0.000000</td>\n","      <td>0</td>\n","      <td>10</td>\n","      <td>1000.0</td>\n","      <td>11</td>\n","      <td>89.868853</td>\n","      <td>89.711672</td>\n","      <td>0.428571</td>\n","    </tr>\n","    <tr>\n","      <th>1</th>\n","      <td>stEDu20sSKOXomjg</td>\n","      <td>52.666422</td>\n","      <td>150.30</td>\n","      <td>0.000000</td>\n","      <td>0.00</td>\n","      <td>1.000000</td>\n","      <td>150.3</td>\n","      <td>1.000000</td>\n","      <td>0.000000</td>\n","      <td>0.833333</td>\n","      <td>0.000000</td>\n","      <td>0</td>\n","      <td>6</td>\n","      <td>1000.0</td>\n","      <td>6</td>\n","      <td>54.722514</td>\n","      <td>82.955180</td>\n","      <td>0.000000</td>\n","    </tr>\n","    <tr>\n","      <th>2</th>\n","      <td>CEB2blrN3b88GsRe</td>\n","      <td>1360.795674</td>\n","      <td>0.00</td>\n","      <td>462.861443</td>\n","      <td>0.00</td>\n","      <td>1.000000</td>\n","      <td>0.0</td>\n","      <td>0.000000</td>\n","      <td>0.000000</td>\n","      <td>0.000000</td>\n","      <td>0.272727</td>\n","      <td>6</td>\n","      <td>0</td>\n","      <td>1500.0</td>\n","      <td>11</td>\n","      <td>303.031979</td>\n","      <td>443.781316</td>\n","      <td>0.000000</td>\n","    </tr>\n","    <tr>\n","      <th>3</th>\n","      <td>0N0eBl8ySaZThxKE</td>\n","      <td>2021.641161</td>\n","      <td>363.18</td>\n","      <td>0.000000</td>\n","      <td>363.18</td>\n","      <td>1.000000</td>\n","      <td>0.0</td>\n","      <td>1.000000</td>\n","      <td>1.000000</td>\n","      <td>0.000000</td>\n","      <td>0.000000</td>\n","      <td>0</td>\n","      <td>13</td>\n","      <td>2000.0</td>\n","      <td>12</td>\n","      <td>704.240770</td>\n","      <td>795.859808</td>\n","      <td>0.000000</td>\n","    </tr>\n","    <tr>\n","      <th>4</th>\n","      <td>6NLauoHUwtwOv4Wy</td>\n","      <td>22.322374</td>\n","      <td>95.00</td>\n","      <td>1162.045833</td>\n","      <td>95.00</td>\n","      <td>0.363636</td>\n","      <td>0.0</td>\n","      <td>0.083333</td>\n","      <td>0.083333</td>\n","      <td>0.000000</td>\n","      <td>0.166667</td>\n","      <td>3</td>\n","      <td>1</td>\n","      <td>2500.0</td>\n","      <td>12</td>\n","      <td>4094.261427</td>\n","      <td>40.142262</td>\n","      <td>0.000000</td>\n","    </tr>\n","  </tbody>\n","</table>\n","</div>\n","      <button class=\"colab-df-convert\" onclick=\"convertToInteractive('df-26757287-74ef-457c-af33-04435d3c45f6')\"\n","              title=\"Convert this dataframe to an interactive table.\"\n","              style=\"display:none;\">\n","        \n","  <svg xmlns=\"http://www.w3.org/2000/svg\" height=\"24px\"viewBox=\"0 0 24 24\"\n","       width=\"24px\">\n","    <path d=\"M0 0h24v24H0V0z\" fill=\"none\"/>\n","    <path d=\"M18.56 5.44l.94 2.06.94-2.06 2.06-.94-2.06-.94-.94-2.06-.94 2.06-2.06.94zm-11 1L8.5 8.5l.94-2.06 2.06-.94-2.06-.94L8.5 2.5l-.94 2.06-2.06.94zm10 10l.94 2.06.94-2.06 2.06-.94-2.06-.94-.94-2.06-.94 2.06-2.06.94z\"/><path d=\"M17.41 7.96l-1.37-1.37c-.4-.4-.92-.59-1.43-.59-.52 0-1.04.2-1.43.59L10.3 9.45l-7.72 7.72c-.78.78-.78 2.05 0 2.83L4 21.41c.39.39.9.59 1.41.59.51 0 1.02-.2 1.41-.59l7.78-7.78 2.81-2.81c.8-.78.8-2.07 0-2.86zM5.41 20L4 18.59l7.72-7.72 1.47 1.35L5.41 20z\"/>\n","  </svg>\n","      </button>\n","      \n","  <style>\n","    .colab-df-container {\n","      display:flex;\n","      flex-wrap:wrap;\n","      gap: 12px;\n","    }\n","\n","    .colab-df-convert {\n","      background-color: #E8F0FE;\n","      border: none;\n","      border-radius: 50%;\n","      cursor: pointer;\n","      display: none;\n","      fill: #1967D2;\n","      height: 32px;\n","      padding: 0 0 0 0;\n","      width: 32px;\n","    }\n","\n","    .colab-df-convert:hover {\n","      background-color: #E2EBFA;\n","      box-shadow: 0px 1px 2px rgba(60, 64, 67, 0.3), 0px 1px 3px 1px rgba(60, 64, 67, 0.15);\n","      fill: #174EA6;\n","    }\n","\n","    [theme=dark] .colab-df-convert {\n","      background-color: #3B4455;\n","      fill: #D2E3FC;\n","    }\n","\n","    [theme=dark] .colab-df-convert:hover {\n","      background-color: #434B5C;\n","      box-shadow: 0px 1px 3px 1px rgba(0, 0, 0, 0.15);\n","      filter: drop-shadow(0px 1px 2px rgba(0, 0, 0, 0.3));\n","      fill: #FFFFFF;\n","    }\n","  </style>\n","\n","      <script>\n","        const buttonEl =\n","          document.querySelector('#df-26757287-74ef-457c-af33-04435d3c45f6 button.colab-df-convert');\n","        buttonEl.style.display =\n","          google.colab.kernel.accessAllowed ? 'block' : 'none';\n","\n","        async function convertToInteractive(key) {\n","          const element = document.querySelector('#df-26757287-74ef-457c-af33-04435d3c45f6');\n","          const dataTable =\n","            await google.colab.kernel.invokeFunction('convertToInteractive',\n","                                                     [key], {});\n","          if (!dataTable) return;\n","\n","          const docLinkHtml = 'Like what you see? Visit the ' +\n","            '<a target=\"_blank\" href=https://colab.research.google.com/notebooks/data_table.ipynb>data table notebook</a>'\n","            + ' to learn more about interactive tables.';\n","          element.innerHTML = '';\n","          dataTable['output_type'] = 'display_data';\n","          await google.colab.output.renderOutput(dataTable, element);\n","          const docLink = document.createElement('div');\n","          docLink.innerHTML = docLinkHtml;\n","          element.appendChild(docLink);\n","        }\n","      </script>\n","    </div>\n","  </div>\n","  "]},"metadata":{},"execution_count":2}]},{"cell_type":"code","source":["# Compute the correlation matrix\n","corr_matrix = df.corr()\n","\n","# Plot the correlation matrix as a heatmap using Plotly\n","fig = px.imshow(corr_matrix.values,\n","                x=list(corr_matrix.columns),\n","                y=list(corr_matrix.index),\n","                color_continuous_scale=\"RdBu\",\n","                zmin=-1,\n","                zmax=1,\n","                labels=dict(x=\"Features\", y=\"Features\", color=\"Correlation\"),\n","                width=700, height=700)\n","fig.show()"],"metadata":{"colab":{"base_uri":"https://localhost:8080/","height":717},"id":"hUDJBwbBPVPE","executionInfo":{"status":"ok","timestamp":1678430349326,"user_tz":-60,"elapsed":2241,"user":{"displayName":"Adriano Persegani","userId":"06430130266451073825"}},"outputId":"6c0595f4-dd32-448c-94b5-7540b218a824"},"execution_count":5,"outputs":[{"output_type":"display_data","data":{"text/html":["<html>\n","<head><meta charset=\"utf-8\" /></head>\n","<body>\n","    <div>            <script src=\"https://cdnjs.cloudflare.com/ajax/libs/mathjax/2.7.5/MathJax.js?config=TeX-AMS-MML_SVG\"></script><script type=\"text/javascript\">if (window.MathJax) {MathJax.Hub.Config({SVG: {font: \"STIX-Web\"}});}</script>                <script type=\"text/javascript\">window.PlotlyConfig = {MathJaxConfig: 'local'};</script>\n","        <script src=\"https://cdn.plot.ly/plotly-2.8.3.min.js\"></script>                <div id=\"86e2f55b-12b0-4206-bde2-56cbcaa744bb\" class=\"plotly-graph-div\" style=\"height:700px; width:700px;\"></div>            <script type=\"text/javascript\">                                    window.PLOTLYENV=window.PLOTLYENV || {};                                    if (document.getElementById(\"86e2f55b-12b0-4206-bde2-56cbcaa744bb\")) {                    Plotly.newPlot(                        \"86e2f55b-12b0-4206-bde2-56cbcaa744bb\",                        [{\"coloraxis\":\"coloraxis\",\"name\":\"0\",\"x\":[\"balance_account\",\"purchases_amount\",\"paid_advance\",\"full_purchases\",\"balance_frequency_update\",\"installments\",\"purchases_frequency\",\"full_purchases_frequency\",\"purchases_installments_frequency\",\"cash_advance_frequency\",\"nr_cash_advances\",\"nr_purchases\",\"credit_limit\",\"fixed_rate_period\",\"payments\",\"min_payments\",\"full_payment_prc\"],\"y\":[\"balance_account\",\"purchases_amount\",\"paid_advance\",\"full_purchases\",\"balance_frequency_update\",\"installments\",\"purchases_frequency\",\"full_purchases_frequency\",\"purchases_installments_frequency\",\"cash_advance_frequency\",\"nr_cash_advances\",\"nr_purchases\",\"credit_limit\",\"fixed_rate_period\",\"payments\",\"min_payments\",\"full_payment_prc\"],\"z\":[[1.0,0.1832297812541185,0.494669568318165,0.1663332723376234,0.3238147610348214,0.1284472967045571,-0.07537862215477119,0.0744184825327574,-0.06057193211386287,0.4515179459702806,0.3849578972630781,0.15857218788434913,0.5379679075106507,0.07486136572017271,0.3201032553574708,0.3986837535266738,-0.31680306299271754],[0.1832297812541185,1.0,-0.050232985052430894,0.9176024627799351,0.13270167050131187,0.6838145493406971,0.38975772009823684,0.4942365227625982,0.3145772251147081,-0.11911032408328702,-0.06616996304160991,0.6875818858121038,0.35724055614615935,0.0850645259978333,0.6088461007487815,0.09309343587084343,0.17918427555550556],[0.494669568318165,-0.050232985052430894,1.0,-0.029656490664968182,0.09958597096330137,-0.06462617665866506,-0.2142646185835478,-0.08725882959600226,-0.1760541326994806,0.6330911889537782,0.6560192650673965,-0.07396184724622831,0.30645115108061766,-0.06868417635424652,0.44616710674901217,0.1422986258647518,-0.15266455519187866],[0.1663332723376234,0.9176024627799351,-0.029656490664968182,1.0,0.10332504906700939,0.33746504729315535,0.2622554609394727,0.5194762251284344,0.12791087087081301,-0.08218031551035183,-0.04554786430164756,0.5437079717477161,0.31984044417599783,0.063236800392724,0.5752847289522613,0.049497715443608765,0.13216401908939462],[0.3238147610348214,0.13270167050131187,0.09958597096330137,0.10332504906700939,1.0,0.12450533147701635,0.23073269690724532,0.20358509570026126,0.17711163483341638,0.19187816320990553,0.1409180488953589,0.18912249795742903,0.09928500619615334,0.12012729554038183,0.06326564953039186,0.1328702129852037,-0.09378554353395538],[0.1284472967045571,0.6838145493406971,-0.06462617665866506,0.33746504729315535,0.12450533147701635,1.0,0.4415958427652109,0.21676982491945285,0.5101645294492663,-0.1313019577380218,-0.07317924106738884,0.6303185618094587,0.25882866592966136,0.08537886152086555,0.38585557573129475,0.12945423386427418,0.18175187747252108],[-0.07537862215477119,0.38975772009823684,-0.2142646185835478,0.2622554609394727,0.23073269690724532,0.4415958427652109,1.0,0.501930191725565,0.8633610871326689,-0.3072545558559833,-0.20180580333160883,0.5651564056665451,0.1180334710222365,0.05822087586749158,0.10193479188490095,0.00130321884837666,0.30406552116412794],[0.0744184825327574,0.4942365227625982,-0.08725882959600226,0.5194762251284344,0.20358509570026126,0.21676982491945285,0.501930191725565,1.0,0.14452882707138698,-0.11191189881097441,-0.06944585682791866,0.5422156646711044,0.29238022647513,0.08283697166886268,0.23990452437202014,-0.030353702052969358,0.15796371990194671],[-0.06057193211386287,0.3145772251147081,-0.1760541326994806,0.12791087087081301,0.17711163483341638,0.5101645294492663,0.8633610871326689,0.14452882707138698,1.0,-0.26268427762639196,-0.1683677275691872,0.5286937208543513,0.0607173912854721,0.07059293175041216,0.08511003420817938,0.028469977018840336,0.24850922076866047],[0.4515179459702806,-0.11911032408328702,0.6330911889537782,-0.08218031551035183,0.19187816320990553,-0.1313019577380218,-0.3072545558559833,-0.11191189881097441,-0.26268427762639196,1.0,0.7993573101362258,-0.1295836260713719,0.13847153212887356,-0.13249167881739632,0.17973334177008674,0.10049530186974392,-0.24852580288145373],[0.3849578972630781,-0.06616996304160991,0.6560192650673965,-0.04554786430164756,0.1409180488953589,-0.07317924106738884,-0.20180580333160883,-0.06944585682791866,-0.1683677275691872,0.7993573101362258,1.0,-0.06465871349430229,0.15367275590316376,-0.043243924285264274,0.2493098296818502,0.11121349835732817,-0.1684985764089199],[0.15857218788434913,0.6875818858121038,-0.07396184724622831,0.5437079717477161,0.18912249795742903,0.6303185618094587,0.5651564056665451,0.5422156646711044,0.5286937208543513,-0.1295836260713719,-0.06465871349430229,1.0,0.27330666013943133,0.12078384068643225,0.37145121327484537,0.09672766145233326,0.1602299857553592],[0.5379679075106507,0.35724055614615935,0.30645115108061766,0.31984044417599783,0.09928500619615334,0.25882866592966136,0.1180334710222365,0.29238022647513,0.0607173912854721,0.13847153212887356,0.15367275590316376,0.27330666013943133,1.0,0.13808007321743737,0.42163891774141427,0.12917497741880637,0.0456579438678482],[0.07486136572017271,0.0850645259978333,-0.06868417635424652,0.063236800392724,0.12012729554038183,0.08537886152086555,0.05822087586749158,0.08283697166886268,0.07059293175041216,-0.13249167881739632,-0.043243924285264274,0.12078384068643225,0.13808007321743737,1.0,0.10543255411054976,0.059396016686949896,-0.019717994017782854],[0.3201032553574708,0.6088461007487815,0.44616710674901217,0.5752847289522613,0.06326564953039186,0.38585557573129475,0.10193479188490095,0.23990452437202014,0.08511003420817938,0.17973334177008674,0.2493098296818502,0.37145121327484537,0.42163891774141427,0.10543255411054976,1.0,0.12722689307046153,0.11413908479945413],[0.3986837535266738,0.09309343587084343,0.1422986258647518,0.049497715443608765,0.1328702129852037,0.12945423386427418,0.00130321884837666,-0.030353702052969358,0.028469977018840336,0.10049530186974392,0.11121349835732817,0.09672766145233326,0.12917497741880637,0.059396016686949896,0.12722689307046153,1.0,-0.13905136691322667],[-0.31680306299271754,0.17918427555550556,-0.15266455519187866,0.13216401908939462,-0.09378554353395538,0.18175187747252108,0.30406552116412794,0.15796371990194671,0.24850922076866047,-0.24852580288145373,-0.1684985764089199,0.1602299857553592,0.0456579438678482,-0.019717994017782854,0.11413908479945413,-0.13905136691322667,1.0]],\"type\":\"heatmap\",\"xaxis\":\"x\",\"yaxis\":\"y\",\"hovertemplate\":\"Features: %{x}<br>Features: %{y}<br>Correlation: %{z}<extra></extra>\"}],                        {\"template\":{\"data\":{\"bar\":[{\"error_x\":{\"color\":\"#2a3f5f\"},\"error_y\":{\"color\":\"#2a3f5f\"},\"marker\":{\"line\":{\"color\":\"#E5ECF6\",\"width\":0.5},\"pattern\":{\"fillmode\":\"overlay\",\"size\":10,\"solidity\":0.2}},\"type\":\"bar\"}],\"barpolar\":[{\"marker\":{\"line\":{\"color\":\"#E5ECF6\",\"width\":0.5},\"pattern\":{\"fillmode\":\"overlay\",\"size\":10,\"solidity\":0.2}},\"type\":\"barpolar\"}],\"carpet\":[{\"aaxis\":{\"endlinecolor\":\"#2a3f5f\",\"gridcolor\":\"white\",\"linecolor\":\"white\",\"minorgridcolor\":\"white\",\"startlinecolor\":\"#2a3f5f\"},\"baxis\":{\"endlinecolor\":\"#2a3f5f\",\"gridcolor\":\"white\",\"linecolor\":\"white\",\"minorgridcolor\":\"white\",\"startlinecolor\":\"#2a3f5f\"},\"type\":\"carpet\"}],\"choropleth\":[{\"colorbar\":{\"outlinewidth\":0,\"ticks\":\"\"},\"type\":\"choropleth\"}],\"contour\":[{\"colorbar\":{\"outlinewidth\":0,\"ticks\":\"\"},\"colorscale\":[[0.0,\"#0d0887\"],[0.1111111111111111,\"#46039f\"],[0.2222222222222222,\"#7201a8\"],[0.3333333333333333,\"#9c179e\"],[0.4444444444444444,\"#bd3786\"],[0.5555555555555556,\"#d8576b\"],[0.6666666666666666,\"#ed7953\"],[0.7777777777777778,\"#fb9f3a\"],[0.8888888888888888,\"#fdca26\"],[1.0,\"#f0f921\"]],\"type\":\"contour\"}],\"contourcarpet\":[{\"colorbar\":{\"outlinewidth\":0,\"ticks\":\"\"},\"type\":\"contourcarpet\"}],\"heatmap\":[{\"colorbar\":{\"outlinewidth\":0,\"ticks\":\"\"},\"colorscale\":[[0.0,\"#0d0887\"],[0.1111111111111111,\"#46039f\"],[0.2222222222222222,\"#7201a8\"],[0.3333333333333333,\"#9c179e\"],[0.4444444444444444,\"#bd3786\"],[0.5555555555555556,\"#d8576b\"],[0.6666666666666666,\"#ed7953\"],[0.7777777777777778,\"#fb9f3a\"],[0.8888888888888888,\"#fdca26\"],[1.0,\"#f0f921\"]],\"type\":\"heatmap\"}],\"heatmapgl\":[{\"colorbar\":{\"outlinewidth\":0,\"ticks\":\"\"},\"colorscale\":[[0.0,\"#0d0887\"],[0.1111111111111111,\"#46039f\"],[0.2222222222222222,\"#7201a8\"],[0.3333333333333333,\"#9c179e\"],[0.4444444444444444,\"#bd3786\"],[0.5555555555555556,\"#d8576b\"],[0.6666666666666666,\"#ed7953\"],[0.7777777777777778,\"#fb9f3a\"],[0.8888888888888888,\"#fdca26\"],[1.0,\"#f0f921\"]],\"type\":\"heatmapgl\"}],\"histogram\":[{\"marker\":{\"pattern\":{\"fillmode\":\"overlay\",\"size\":10,\"solidity\":0.2}},\"type\":\"histogram\"}],\"histogram2d\":[{\"colorbar\":{\"outlinewidth\":0,\"ticks\":\"\"},\"colorscale\":[[0.0,\"#0d0887\"],[0.1111111111111111,\"#46039f\"],[0.2222222222222222,\"#7201a8\"],[0.3333333333333333,\"#9c179e\"],[0.4444444444444444,\"#bd3786\"],[0.5555555555555556,\"#d8576b\"],[0.6666666666666666,\"#ed7953\"],[0.7777777777777778,\"#fb9f3a\"],[0.8888888888888888,\"#fdca26\"],[1.0,\"#f0f921\"]],\"type\":\"histogram2d\"}],\"histogram2dcontour\":[{\"colorbar\":{\"outlinewidth\":0,\"ticks\":\"\"},\"colorscale\":[[0.0,\"#0d0887\"],[0.1111111111111111,\"#46039f\"],[0.2222222222222222,\"#7201a8\"],[0.3333333333333333,\"#9c179e\"],[0.4444444444444444,\"#bd3786\"],[0.5555555555555556,\"#d8576b\"],[0.6666666666666666,\"#ed7953\"],[0.7777777777777778,\"#fb9f3a\"],[0.8888888888888888,\"#fdca26\"],[1.0,\"#f0f921\"]],\"type\":\"histogram2dcontour\"}],\"mesh3d\":[{\"colorbar\":{\"outlinewidth\":0,\"ticks\":\"\"},\"type\":\"mesh3d\"}],\"parcoords\":[{\"line\":{\"colorbar\":{\"outlinewidth\":0,\"ticks\":\"\"}},\"type\":\"parcoords\"}],\"pie\":[{\"automargin\":true,\"type\":\"pie\"}],\"scatter\":[{\"marker\":{\"colorbar\":{\"outlinewidth\":0,\"ticks\":\"\"}},\"type\":\"scatter\"}],\"scatter3d\":[{\"line\":{\"colorbar\":{\"outlinewidth\":0,\"ticks\":\"\"}},\"marker\":{\"colorbar\":{\"outlinewidth\":0,\"ticks\":\"\"}},\"type\":\"scatter3d\"}],\"scattercarpet\":[{\"marker\":{\"colorbar\":{\"outlinewidth\":0,\"ticks\":\"\"}},\"type\":\"scattercarpet\"}],\"scattergeo\":[{\"marker\":{\"colorbar\":{\"outlinewidth\":0,\"ticks\":\"\"}},\"type\":\"scattergeo\"}],\"scattergl\":[{\"marker\":{\"colorbar\":{\"outlinewidth\":0,\"ticks\":\"\"}},\"type\":\"scattergl\"}],\"scattermapbox\":[{\"marker\":{\"colorbar\":{\"outlinewidth\":0,\"ticks\":\"\"}},\"type\":\"scattermapbox\"}],\"scatterpolar\":[{\"marker\":{\"colorbar\":{\"outlinewidth\":0,\"ticks\":\"\"}},\"type\":\"scatterpolar\"}],\"scatterpolargl\":[{\"marker\":{\"colorbar\":{\"outlinewidth\":0,\"ticks\":\"\"}},\"type\":\"scatterpolargl\"}],\"scatterternary\":[{\"marker\":{\"colorbar\":{\"outlinewidth\":0,\"ticks\":\"\"}},\"type\":\"scatterternary\"}],\"surface\":[{\"colorbar\":{\"outlinewidth\":0,\"ticks\":\"\"},\"colorscale\":[[0.0,\"#0d0887\"],[0.1111111111111111,\"#46039f\"],[0.2222222222222222,\"#7201a8\"],[0.3333333333333333,\"#9c179e\"],[0.4444444444444444,\"#bd3786\"],[0.5555555555555556,\"#d8576b\"],[0.6666666666666666,\"#ed7953\"],[0.7777777777777778,\"#fb9f3a\"],[0.8888888888888888,\"#fdca26\"],[1.0,\"#f0f921\"]],\"type\":\"surface\"}],\"table\":[{\"cells\":{\"fill\":{\"color\":\"#EBF0F8\"},\"line\":{\"color\":\"white\"}},\"header\":{\"fill\":{\"color\":\"#C8D4E3\"},\"line\":{\"color\":\"white\"}},\"type\":\"table\"}]},\"layout\":{\"annotationdefaults\":{\"arrowcolor\":\"#2a3f5f\",\"arrowhead\":0,\"arrowwidth\":1},\"autotypenumbers\":\"strict\",\"coloraxis\":{\"colorbar\":{\"outlinewidth\":0,\"ticks\":\"\"}},\"colorscale\":{\"diverging\":[[0,\"#8e0152\"],[0.1,\"#c51b7d\"],[0.2,\"#de77ae\"],[0.3,\"#f1b6da\"],[0.4,\"#fde0ef\"],[0.5,\"#f7f7f7\"],[0.6,\"#e6f5d0\"],[0.7,\"#b8e186\"],[0.8,\"#7fbc41\"],[0.9,\"#4d9221\"],[1,\"#276419\"]],\"sequential\":[[0.0,\"#0d0887\"],[0.1111111111111111,\"#46039f\"],[0.2222222222222222,\"#7201a8\"],[0.3333333333333333,\"#9c179e\"],[0.4444444444444444,\"#bd3786\"],[0.5555555555555556,\"#d8576b\"],[0.6666666666666666,\"#ed7953\"],[0.7777777777777778,\"#fb9f3a\"],[0.8888888888888888,\"#fdca26\"],[1.0,\"#f0f921\"]],\"sequentialminus\":[[0.0,\"#0d0887\"],[0.1111111111111111,\"#46039f\"],[0.2222222222222222,\"#7201a8\"],[0.3333333333333333,\"#9c179e\"],[0.4444444444444444,\"#bd3786\"],[0.5555555555555556,\"#d8576b\"],[0.6666666666666666,\"#ed7953\"],[0.7777777777777778,\"#fb9f3a\"],[0.8888888888888888,\"#fdca26\"],[1.0,\"#f0f921\"]]},\"colorway\":[\"#636efa\",\"#EF553B\",\"#00cc96\",\"#ab63fa\",\"#FFA15A\",\"#19d3f3\",\"#FF6692\",\"#B6E880\",\"#FF97FF\",\"#FECB52\"],\"font\":{\"color\":\"#2a3f5f\"},\"geo\":{\"bgcolor\":\"white\",\"lakecolor\":\"white\",\"landcolor\":\"#E5ECF6\",\"showlakes\":true,\"showland\":true,\"subunitcolor\":\"white\"},\"hoverlabel\":{\"align\":\"left\"},\"hovermode\":\"closest\",\"mapbox\":{\"style\":\"light\"},\"paper_bgcolor\":\"white\",\"plot_bgcolor\":\"#E5ECF6\",\"polar\":{\"angularaxis\":{\"gridcolor\":\"white\",\"linecolor\":\"white\",\"ticks\":\"\"},\"bgcolor\":\"#E5ECF6\",\"radialaxis\":{\"gridcolor\":\"white\",\"linecolor\":\"white\",\"ticks\":\"\"}},\"scene\":{\"xaxis\":{\"backgroundcolor\":\"#E5ECF6\",\"gridcolor\":\"white\",\"gridwidth\":2,\"linecolor\":\"white\",\"showbackground\":true,\"ticks\":\"\",\"zerolinecolor\":\"white\"},\"yaxis\":{\"backgroundcolor\":\"#E5ECF6\",\"gridcolor\":\"white\",\"gridwidth\":2,\"linecolor\":\"white\",\"showbackground\":true,\"ticks\":\"\",\"zerolinecolor\":\"white\"},\"zaxis\":{\"backgroundcolor\":\"#E5ECF6\",\"gridcolor\":\"white\",\"gridwidth\":2,\"linecolor\":\"white\",\"showbackground\":true,\"ticks\":\"\",\"zerolinecolor\":\"white\"}},\"shapedefaults\":{\"line\":{\"color\":\"#2a3f5f\"}},\"ternary\":{\"aaxis\":{\"gridcolor\":\"white\",\"linecolor\":\"white\",\"ticks\":\"\"},\"baxis\":{\"gridcolor\":\"white\",\"linecolor\":\"white\",\"ticks\":\"\"},\"bgcolor\":\"#E5ECF6\",\"caxis\":{\"gridcolor\":\"white\",\"linecolor\":\"white\",\"ticks\":\"\"}},\"title\":{\"x\":0.05},\"xaxis\":{\"automargin\":true,\"gridcolor\":\"white\",\"linecolor\":\"white\",\"ticks\":\"\",\"title\":{\"standoff\":15},\"zerolinecolor\":\"white\",\"zerolinewidth\":2},\"yaxis\":{\"automargin\":true,\"gridcolor\":\"white\",\"linecolor\":\"white\",\"ticks\":\"\",\"title\":{\"standoff\":15},\"zerolinecolor\":\"white\",\"zerolinewidth\":2}}},\"xaxis\":{\"anchor\":\"y\",\"domain\":[0.0,1.0],\"scaleanchor\":\"y\",\"constrain\":\"domain\",\"title\":{\"text\":\"Features\"}},\"yaxis\":{\"anchor\":\"x\",\"domain\":[0.0,1.0],\"autorange\":\"reversed\",\"constrain\":\"domain\",\"title\":{\"text\":\"Features\"}},\"coloraxis\":{\"colorbar\":{\"title\":{\"text\":\"Correlation\"}},\"colorscale\":[[0.0,\"rgb(103,0,31)\"],[0.1,\"rgb(178,24,43)\"],[0.2,\"rgb(214,96,77)\"],[0.3,\"rgb(244,165,130)\"],[0.4,\"rgb(253,219,199)\"],[0.5,\"rgb(247,247,247)\"],[0.6,\"rgb(209,229,240)\"],[0.7,\"rgb(146,197,222)\"],[0.8,\"rgb(67,147,195)\"],[0.9,\"rgb(33,102,172)\"],[1.0,\"rgb(5,48,97)\"]],\"cmin\":-1,\"cmax\":1},\"margin\":{\"t\":60},\"height\":700,\"width\":700},                        {\"responsive\": true}                    ).then(function(){\n","                            \n","var gd = document.getElementById('86e2f55b-12b0-4206-bde2-56cbcaa744bb');\n","var x = new MutationObserver(function (mutations, observer) {{\n","        var display = window.getComputedStyle(gd).display;\n","        if (!display || display === 'none') {{\n","            console.log([gd, 'removed!']);\n","            Plotly.purge(gd);\n","            observer.disconnect();\n","        }}\n","}});\n","\n","// Listen for the removal of the full notebook cells\n","var notebookContainer = gd.closest('#notebook-container');\n","if (notebookContainer) {{\n","    x.observe(notebookContainer, {childList: true});\n","}}\n","\n","// Listen for the clearing of the current output cell\n","var outputEl = gd.closest('.output');\n","if (outputEl) {{\n","    x.observe(outputEl, {childList: true});\n","}}\n","\n","                        })                };                            </script>        </div>\n","</body>\n","</html>"]},"metadata":{}}]},{"cell_type":"code","source":["def outlier_percentage(data):\n","    '''\n","    This function calculates the percentage of outlier in a dataset.\n","    '''\n","    quantile_1 = data.quantile(0.25)\n","    quantile_3 = data.quantile(0.75)\n","    IQR = quantile_3 - quantile_1\n","    lower_treshold = quantile_1 - (1.5 * IQR)\n","    upper_threshold = quantile_3 + (1.5 * IQR)\n","    num_outliers =  np.sum((data < lower_treshold) |(data > upper_threshold))\n","    outliers =  ((data < lower_treshold) |(data > upper_threshold))\n","    num_data = data.count()\n","    return (num_outliers/num_data)*100"],"metadata":{"id":"eFRiVqeBPjru","executionInfo":{"status":"ok","timestamp":1678430371355,"user_tz":-60,"elapsed":5,"user":{"displayName":"Adriano Persegani","userId":"06430130266451073825"}}},"execution_count":6,"outputs":[]},{"cell_type":"code","source":["def show_outlier(data):\n","    '''\n","    This function shows the percentage of outlier in each numerical column.\n","    '''\n","    for column in data.columns:\n","        data_section = data[column]\n","        percent = str(round(outlier_percentage(data_section), 2))\n","        print(f'Outlier in column \"{column}\": {percent}%')\n","        \n","non_categorical_data = df.drop(['customer_id'], axis=1)\n","show_outlier(non_categorical_data)"],"metadata":{"colab":{"base_uri":"https://localhost:8080/"},"id":"d11kxARMPvmJ","executionInfo":{"status":"ok","timestamp":1678430394883,"user_tz":-60,"elapsed":414,"user":{"displayName":"Adriano Persegani","userId":"06430130266451073825"}},"outputId":"6520763e-f876-4454-8dc4-63fae841cee4"},"execution_count":8,"outputs":[{"output_type":"stream","name":"stdout","text":["Outlier in column \"balance_account\": 7.82%\n","Outlier in column \"purchases_amount\": 8.94%\n","Outlier in column \"paid_advance\": 11.56%\n","Outlier in column \"full_purchases\": 11.34%\n","Outlier in column \"balance_frequency_update\": 16.53%\n","Outlier in column \"installments\": 9.8%\n","Outlier in column \"purchases_frequency\": 0.0%\n","Outlier in column \"full_purchases_frequency\": 10.47%\n","Outlier in column \"purchases_installments_frequency\": 0.0%\n","Outlier in column \"cash_advance_frequency\": 5.89%\n","Outlier in column \"nr_cash_advances\": 9.07%\n","Outlier in column \"nr_purchases\": 8.44%\n","Outlier in column \"credit_limit\": 2.34%\n","Outlier in column \"fixed_rate_period\": 15.35%\n","Outlier in column \"payments\": 8.88%\n","Outlier in column \"min_payments\": 9.8%\n","Outlier in column \"full_payment_prc\": 16.32%\n"]}]},{"cell_type":"code","source":["non_categorical_data.isnull().sum()"],"metadata":{"colab":{"base_uri":"https://localhost:8080/"},"id":"Iye6mEtVQE6v","executionInfo":{"status":"ok","timestamp":1678430459950,"user_tz":-60,"elapsed":8,"user":{"displayName":"Adriano Persegani","userId":"06430130266451073825"}},"outputId":"a1f666ed-2b02-40e7-954b-0a517a692ac5"},"execution_count":10,"outputs":[{"output_type":"execute_result","data":{"text/plain":["customer_id                           0\n","balance_account                       0\n","purchases_amount                      0\n","paid_advance                          0\n","full_purchases                        0\n","balance_frequency_update              0\n","installments                          0\n","purchases_frequency                   0\n","full_purchases_frequency              0\n","purchases_installments_frequency      0\n","cash_advance_frequency                0\n","nr_cash_advances                      0\n","nr_purchases                          0\n","credit_limit                          1\n","fixed_rate_period                     0\n","payments                              0\n","min_payments                        298\n","full_payment_prc                      0\n","dtype: int64"]},"metadata":{},"execution_count":10}]},{"cell_type":"code","source":["# Drop rows with missing credit_limit values\n","non_categorical_data.dropna(subset=[\"min_payments\"], inplace=True)"],"metadata":{"id":"l5pVsxTCPych","executionInfo":{"status":"ok","timestamp":1678430444965,"user_tz":-60,"elapsed":9,"user":{"displayName":"Adriano Persegani","userId":"06430130266451073825"}}},"execution_count":9,"outputs":[]},{"cell_type":"code","source":["# Drop rows with missing credit_limit values\n","non_categorical_data.dropna(subset=[\"credit_limit\"], inplace=True)"],"metadata":{"id":"DYSSkS83QBo6","executionInfo":{"status":"ok","timestamp":1678430515135,"user_tz":-60,"elapsed":3,"user":{"displayName":"Adriano Persegani","userId":"06430130266451073825"}}},"execution_count":11,"outputs":[]},{"cell_type":"markdown","source":["Scaling"],"metadata":{"id":"ufAGeRL-QjX5"}},{"cell_type":"code","source":["df_scaled = pd.DataFrame(StandardScaler().fit_transform(non_categorical_data), columns=non_categorical_data.columns)"],"metadata":{"id":"Jw3N-CBjQSuS","executionInfo":{"status":"ok","timestamp":1678430647678,"user_tz":-60,"elapsed":622,"user":{"displayName":"Adriano Persegani","userId":"06430130266451073825"}}},"execution_count":13,"outputs":[]},{"cell_type":"code","source":["z = np.abs(stats.zscore(df_scaled))\n","df_scaled_out = df_scaled[(z < 3).all(axis=1)]\n","df_scaled_out.shape"],"metadata":{"colab":{"base_uri":"https://localhost:8080/"},"id":"uAWz6xpsQy-J","executionInfo":{"status":"ok","timestamp":1678430696811,"user_tz":-60,"elapsed":12,"user":{"displayName":"Adriano Persegani","userId":"06430130266451073825"}},"outputId":"b4f5dc00-32a6-4ee4-802b-75bad33b453e"},"execution_count":14,"outputs":[{"output_type":"execute_result","data":{"text/plain":["(6837, 17)"]},"metadata":{},"execution_count":14}]},{"cell_type":"markdown","source":["### PCA"],"metadata":{"id":"koFCMtIIRHOH"}},{"cell_type":"code","source":["pca = PCA(random_state=42).fit(df_scaled_out)\n","pca_data = pca.transform(df_scaled_out) \n","pca_labels = ['PC' + str(component) for component in range(1,len(pca.components_)+1)]\n","pca_df = pd.DataFrame(pca_data, columns=pca_labels)\n","pca_df.head()"],"metadata":{"colab":{"base_uri":"https://localhost:8080/","height":250},"id":"xMND-FffQ--g","executionInfo":{"status":"ok","timestamp":1678430794607,"user_tz":-60,"elapsed":307,"user":{"displayName":"Adriano Persegani","userId":"06430130266451073825"}},"outputId":"5d5917f3-70c8-4fe0-897b-44c90c8168cc"},"execution_count":16,"outputs":[{"output_type":"execute_result","data":{"text/plain":["        PC1       PC2       PC3       PC4       PC5       PC6       PC7  \\\n","0  1.200502 -1.498938 -1.079815  0.282603 -0.605674  0.032838  0.616916   \n","1 -2.072662 -0.068631 -0.396241 -0.292974 -0.796504  0.140276  0.309070   \n","2  1.003132  0.827245  1.350771 -2.016799 -0.770346  0.481279  0.185326   \n","3 -1.734307 -1.335524  1.082555  0.576679  1.113257  1.525052 -0.773932   \n","4 -1.022459  0.037667  0.830273 -0.430174  1.162408 -1.774325  0.524558   \n","\n","        PC8       PC9      PC10      PC11      PC12      PC13      PC14  \\\n","0 -0.319693  0.247954  0.243035  0.333769 -0.112889  0.037856 -0.026211   \n","1  0.277091 -0.229177 -0.444645  0.058167  0.106117  0.092901 -0.024981   \n","2 -1.031601  0.940681  0.351919 -0.618222  0.465472 -0.359481 -0.137768   \n","3  0.086273 -0.067143  0.604799  0.035768  0.505528  0.217835 -0.167438   \n","4 -0.488835 -1.510350 -0.106421 -0.103088  0.015654  0.105739  0.380332   \n","\n","       PC15      PC16      PC17  \n","0  0.046476  0.068437 -0.000168  \n","1  0.108021 -0.060621 -0.000096  \n","2  0.116383  0.293215 -0.000055  \n","3 -0.033823  0.019076 -0.000268  \n","4 -0.052854 -0.023669 -0.000150  "],"text/html":["\n","  <div id=\"df-8a642d9d-2852-4835-ad4d-e8d3f67b09bd\">\n","    <div class=\"colab-df-container\">\n","      <div>\n","<style scoped>\n","    .dataframe tbody tr th:only-of-type {\n","        vertical-align: middle;\n","    }\n","\n","    .dataframe tbody tr th {\n","        vertical-align: top;\n","    }\n","\n","    .dataframe thead th {\n","        text-align: right;\n","    }\n","</style>\n","<table border=\"1\" class=\"dataframe\">\n","  <thead>\n","    <tr style=\"text-align: right;\">\n","      <th></th>\n","      <th>PC1</th>\n","      <th>PC2</th>\n","      <th>PC3</th>\n","      <th>PC4</th>\n","      <th>PC5</th>\n","      <th>PC6</th>\n","      <th>PC7</th>\n","      <th>PC8</th>\n","      <th>PC9</th>\n","      <th>PC10</th>\n","      <th>PC11</th>\n","      <th>PC12</th>\n","      <th>PC13</th>\n","      <th>PC14</th>\n","      <th>PC15</th>\n","      <th>PC16</th>\n","      <th>PC17</th>\n","    </tr>\n","  </thead>\n","  <tbody>\n","    <tr>\n","      <th>0</th>\n","      <td>1.200502</td>\n","      <td>-1.498938</td>\n","      <td>-1.079815</td>\n","      <td>0.282603</td>\n","      <td>-0.605674</td>\n","      <td>0.032838</td>\n","      <td>0.616916</td>\n","      <td>-0.319693</td>\n","      <td>0.247954</td>\n","      <td>0.243035</td>\n","      <td>0.333769</td>\n","      <td>-0.112889</td>\n","      <td>0.037856</td>\n","      <td>-0.026211</td>\n","      <td>0.046476</td>\n","      <td>0.068437</td>\n","      <td>-0.000168</td>\n","    </tr>\n","    <tr>\n","      <th>1</th>\n","      <td>-2.072662</td>\n","      <td>-0.068631</td>\n","      <td>-0.396241</td>\n","      <td>-0.292974</td>\n","      <td>-0.796504</td>\n","      <td>0.140276</td>\n","      <td>0.309070</td>\n","      <td>0.277091</td>\n","      <td>-0.229177</td>\n","      <td>-0.444645</td>\n","      <td>0.058167</td>\n","      <td>0.106117</td>\n","      <td>0.092901</td>\n","      <td>-0.024981</td>\n","      <td>0.108021</td>\n","      <td>-0.060621</td>\n","      <td>-0.000096</td>\n","    </tr>\n","    <tr>\n","      <th>2</th>\n","      <td>1.003132</td>\n","      <td>0.827245</td>\n","      <td>1.350771</td>\n","      <td>-2.016799</td>\n","      <td>-0.770346</td>\n","      <td>0.481279</td>\n","      <td>0.185326</td>\n","      <td>-1.031601</td>\n","      <td>0.940681</td>\n","      <td>0.351919</td>\n","      <td>-0.618222</td>\n","      <td>0.465472</td>\n","      <td>-0.359481</td>\n","      <td>-0.137768</td>\n","      <td>0.116383</td>\n","      <td>0.293215</td>\n","      <td>-0.000055</td>\n","    </tr>\n","    <tr>\n","      <th>3</th>\n","      <td>-1.734307</td>\n","      <td>-1.335524</td>\n","      <td>1.082555</td>\n","      <td>0.576679</td>\n","      <td>1.113257</td>\n","      <td>1.525052</td>\n","      <td>-0.773932</td>\n","      <td>0.086273</td>\n","  